&control
ndays = 3600.0
KDOMf = 0.00107527273771
KDOMs = 5.54443773069e-08
ratio_DOMf = 0.839866053575
D0DOMf = 0.616556901255
aDOMf = 0.023325326411
D0DOMs = 0.0129719816683
aDOMs = 0.00159113794971
/